-1.616969
-0.9477161
-1.3014295
-0.63493656
-1.6250459
-1.156224
-1.3748777
-1.6259153
-1.026134
-1.2681557
-1.6693217
-1.5061121
-1.3495719
-1.3533761
-1.3770585
-2.1041122
-1.2623281
-1.6261979
-1.6723027
-0.80854538
-1.5278026
-1.2417187
-1.339445
-1.0588176
-1.0600602
-1.4156929
-1.2490136
-1.5887149
-1.575616
-1.4559405
-1.5307853
-1.7822691
-1.0628388
-1.2362433
-1.2912959
-0.98274597
-1.2195933
-1.4498795
-1.2393851
-1.182157
-1.19818
-1.6099301
-2.3080305
-1.6425874
-1.4149316
-0.99830965
-1.4681791
-1.7185775
-1.3641996
-1.0867848
-1.9867212
-1.575616
-1.4559405
-1.4214883
-1.6563833
-1.5433887
-1.0481455
-1.6125115
-0.98274597
-1.4584009
-1.2652801
-0.9639916
-1.3081345
-1.360365
-1.1058822
-1.29819
-1.4348422
-1.5534864
-1.61293
-1.3587895
-1.4714556
-1.7990325
-1.400538
-1.5013697
-1.1567038
-1.2078455
-1.1064821
-1.1856311
-1.4827744
-1.2299599
-1.2003961
-1.1056419
-1.0971724
-1.1482889
-1.2870729
-1.1027079
-1.1969938
-1.0865947
-1.1297759
-1.2477753
-1.1891902
-1.3590329
-1.3540023
-1.1580577
-1.2683353
-1.4486791
-1.3030931
-1.2451405
-1.8803701
-1.267662
-1.6976696
-1.211722
-1.1659409
-1.603043
-1.1422932
-1.4845995
-1.2633535
-1.5161489
-1.236383
-1.3186517
-1.171413
-1.2058875
-1.0977774
-1.2100899
-1.4850207
-1.0950801
-1.0887257
-1.1185901
-1.1596107
-1.1430867
-0.70304505
-1.4864775
-1.3674539
-1.5937941
-1.5937941
-1.3161616
-1.3421842
-1.2908188
-1.3383156
-1.1935521
-1.5280029
-1.2583415
-1.4348953
-1.1303703
-0.32113736
-1.2212801
-1.2689009
-1.1001832
-1.3495719
0.91755837
-1.4344556
-1.0694052
-1.4822341
-1.0974622
-1.205211
-1.3528981
-1.1877948
-1.4888189
-1.87033
-1.1822236
-1.3966121
-1.4329656
-1.4850107
-1.1619424
-1.5054794
-1.2828768
-1.3041097
-0.94131505
-1.1229715
-1.0976942
-1.1223388
-1.1637163
-1.3086962
-1.1183872
-1.5839298
-1.3483406
-1.3986493
-1.1085578
-1.4479422
-1.2914554
-1.4533922
-0.99814201
-1.019283
-1.2693903
-1.8295582
-1.2082429
-1.3661817
-0.00098010876
-1.6766416
-1.4283122
-1.1454755
-1.7352846
-1.0867267
-1.024782
-1.2490912
-1.3052453
-1.078822
-1.1886751
-1.3601303
-1.7073497
-1.3494805
-1.0885873
-1.1678428
-1.1887219
-1.3195153
-0.98759237
-1.2880592
-1.1167913
-1.3046575
-1.1678409
-1.6272731
-1.3327791
-1.4486632
-1.1507362
-1.2028407
-0.99196459
-1.579963
-1.2280973
-1.1967939
-1.5951662
-1.3588862
-1.2671559
-1.1582686
-1.2943323
-1.185796
-1.409058
-0.84470831
-1.2320675
-1.3032613
-1.4674124
-1.0505112
-1.1393487
-1.246011
-1.3436252
-1.4801598
-1.2946115
-1.0907264
-1.0602675
-1.2026421
-1.317962
-1.1925673
-1.1436159
-1.0865295
-1.1245634
-1.5607295
-1.6020421
-1.3526999
-1.2327262
-0.80678054
-1.2090912
-1.1728387
-1.1852279
-1.1761625
-1.603503
-1.7767918
-1.398655
-1.4589591
-0.92928453
-1.17809
-1.144817
-1.5815735
-1.5426653
-1.7609554
-1.6530331
-1.1944443
-1.5466414
-0.95574153
-1.7150854
-1.8161059
-1.4367427
-1.0874747
-1.1229715
-1.0538397
-1.0923021
-1.2670187
-1.4098122
-1.1975052
-1.178395
-1.2768801
-1.5324557
-1.1417651
-1.2251467
-1.0330804
-1.6011195
-1.5162079
-1.3136553
-1.3436415
-0.94512225
-1.1293462
-1.3458419
-1.2786261
-1.3858519
-1.4740843
-1.5481824
-1.1458135
0.7110074
-1.5226604
-1.1070196
-0.70130412
-1.6000825
-1.1788594
-1.3532351
-1.241746
-1.0967071
-1.1258554
-1.1262197
-1.1628813
-0.91008484
-1.1196808
-1.2002802
-1.6967673
-1.3296886
-1.147957
-1.286311
-1.4152231
-0.74676688
-1.5416423
-1.4127102
-1.3830394
-1.2102858
-1.4504856
-1.4220419
-1.2680495
-1.3506669
-1.346788
-1.3766462
-1.3341955
-1.619917
-1.5510495
-1.1544849
-1.1813398
-1.1498392
-1.3768243
0.17646487
-1.4146174
-1.5426307
-1.6086527
-1.1356544
-1.9104297
-1.2036934
-2.4936973
-1.3586631
-1.1580312
-1.3958478
-1.3356137
-1.1963943
-1.6137702
-1.5798359
-1.7778872
-1.2941705
-1.5601395
-0.99252237
-1.2262788
-1.472416
-1.7805856
-1.2733768
-1.4701927
-1.1115868
-1.1779164
-1.3100847
-1.2268684
-1.8750983
-1.6116122
-1.3379017
-1.5223251
-1.1547004
-1.499052
-1.2085983
-1.3546633
-1.1299467
-0.81761705
-1.4962114
-1.1651335
-1.2493033
-1.5077797
-1.3786752
-1.1196641
-1.6949317
-1.6731602
-1.1873284
-1.1370829
-1.5595751
-1.3571698
-1.5034757
-1.2302356
-1.2560164
-1.1921728
-1.3722955
-1.6058564
-1.2287873
-1.4998914
-1.4673448
-1.5673308
-1.0793465
-1.4605956
-1.6293955
-1.5673763
-1.3801845
-1.4345535
-1.285601
-1.155247
-1.3208774
-1.4478148
-1.412642
-1.525222
-1.3729299
-1.1425883
-1.4668379
-1.3864312
-1.0694052
-1.7303033
-1.2465508
-1.4057173
-1.2010398
-1.3086443
-1.2646942
-1.1042267
-1.6356685
-1.4328156
-1.2733768
-1.2303403
-1.6861902
-1.1196641
-1.1134133
-1.2872802
-1.1799951
-1.5846706
-1.2166391
-1.3630484
-1.4373461
-1.2238143
-1.2432152
-1.4944605
-1.2504014
-0.900492
-1.1611565
-1.3034546
-1.4860357
-1.480986
-1.2633048
-1.1762707
-1.5461773
-1.1815388
-1.3507988
-1.1642476
-1.7860742
-1.1016129
-1.3563851
-1.3393768
-1.3535465
-1.002032
-1.1384814
-1.2671048
-1.1262506
-0.66835392
-1.5721381
-1.1938914
-1.1049354
-1.1791518
-1.2913147
-1.2692532
-1.4065615
-1.2570007
-1.4274205
-1.4569105
-1.3650507
-1.369723
-1.6329463
-1.6707752
-1.1755855
-1.0839909
-1.2051201
-1.2688995
-1.1594083
-1.2958327
-1.1681512
-0.90998529
-1.1891902
-1.0972693
-1.1278901
-1.5460883
-1.1277811
-1.3271476
-1.0795856
-1.2584113
-1.1511278
-1.335016
-1.3969492
-1.2910562
-1.0945291
-1.3703965
-1.3632061
-1.3172099
-1.0565306
-1.2544956
-1.3477432
-1.4250555
-1.1990774
-1.2603027
-1.3433508
-1.3795951
-1.5623023
-1.0162853
-1.2084428
-1.1048776
-0.60374222
-1.3291523
-1.6702852
-1.1254568
-1.420322
-0.81039825
-1.2570018
-1.3247175
-1.2320326
-1.2291586
-1.2257351
-1.250582
-0.86164535
-1.571147
-0.96354226
-1.1199033
-1.2311415
-1.4247564
-1.3101247
-1.2717782
-1.3095168
-1.4546652
-1.5840451
-1.214919
-1.2540767
-1.4521342
-1.4812924
-1.1193616
-1.4655544
-1.1896587
-1.253263
-1.2643265
-1.1868359
-1.3298652
-1.3465479
-1.4679418
-1.3433508
-1.298134
-1.2903931
-1.1883328
-1.1595013
-1.2220109
-1.9587917
1.0851159
-1.4071654
-1.4201924
-1.174427
-1.1233561
-1.3852539
-1.4188122
-1.5333901
-1.2335416
-1.2817123
-1.066829
-1.452577
-1.1268092
-1.0638425
-1.3070215
-1.3620658
-1.1095512
-1.5830758
-2.0859909
-1.1347899
-1.3945914
-1.1100624
-0.16446565
-1.1451379
-0.57331529
-0.97751162
-1.1142905
-1.7202451
-1.0088469
-1.1989135
-1.4634776
-1.2716174
-1.4330734
-1.4853377
-1.3958318
-1.2326296
-1.1419018
-1.4075894
-1.4198536
-1.8181996
-0.7572352
0.68296261
-1.023829
-1.1785678
-1.2981055
-1.5796994
-1.363525
0.54404888
-1.0753085
-1.104287
-1.5525749
-1.3070181
-1.2238342
-1.1786388
-1.4009959
-1.3568081
-1.1508575
-1.2003585
-1.4664187
-1.1729356
-1.1508332
-1.2144462
-1.0031648
-1.1483206
-1.0181076
-1.2558575
-1.3306876
-1.156638
0.22691185
-0.98322388
-1.2206361
-1.4595804
-0.80346864
-0.99893034
-1.1936343
-1.4076124
-1.329177
-1.1620154
-1.4826853
-1.4606663
-1.4052411
-1.0434392
-1.8370115
-1.4096265
-1.4096265
-1.1410511
-0.53434594
-1.3646756
-1.2792345
-1.1172049
-1.6814254
-1.2057971
-1.7830088
-1.1024348
-1.2647509
-1.1821706
-1.2073884
-1.3823998
-1.1933762
-1.1194267
-1.4122823
-1.3259079
-1.3362454
-1.164456
-1.5061019
-1.2027556
-1.1602133
-1.2298819
-1.2059156
-1.2298953
-1.1379313
-1.0723558
-1.3795275
-1.1972904
-1.0955995
-1.3180008
-1.2401376
-1.1937801
-1.3187857
-1.4964005
-1.1111888
-1.2282197
-1.2082693
-1.23947
-1.0529753
-1.3737184
-1.6345337
-1.1233556
-1.1698196
-1.3850743
-1.1585993
-1.8782051
-1.0624914
-1.3139276
-1.5940983
-1.4612977
-0.89259525
-1.1213153
-0.30266822
-0.84536531
-0.96851059
-1.4755102
-1.2889336
-1.2546077
-1.0706656
-0.13675949
-0.95391532
-1.0267677
1.5358669
-1.0994413
-0.93015264
0.17256745
-1.2762918
0.08380888
-1.1753006
-0.850798
-0.80443507
-1.0948564
-1.0968185
-0.90912385
-0.83145904
0.65157565
-1.3139276
-0.92907746
0.85642727
-1.1126365
0.67716525
-1.1962347
-1.3823225
-1.2078949
-1.4134544
-1.1478936
-1.1116294
-1.1865177
-1.1430362
0.22379402
-1.215597
0.56789215
-1.5391253
-0.704937
-1.2406687
-1.1524106
-1.3504416
-1.2995727
-1.1824502
-1.1380438
-1.1769642
-0.65886382
0.1467027
-1.130584
0.31031991
-1.3964345
-1.3870764
0.87520169
0.3525464
-1.4426645
-1.3982871
-0.61182151
-0.70960321
0.11018277
-1.2538835
-1.3957155
-0.81892673
-0.66476349
-0.85920138
-1.4896469
-0.87039433
-1.0073737
-1.0745012
-0.86816535
-0.86996359
-1.140492
-1.282735
-1.1628023
-1.1622102
-1.1297759
-1.0709326
-1.1107294
-1.0441614
-1.2936469
-0.99123826
-1.7710674
-1.3752025
0.86278354
-1.1087373
-1.210156
-1.0713219
-1.3084919
-1.3019577
-1.3476347
-0.91346186
-1.4284249
-1.3361811
-1.4074257
-1.555252
-1.0604716
1.2275087
-1.094537
-1.1022089
-1.013042
-1.4467876
-1.2176234
-1.2308407
-1.1972088
-1.1984046
-1.2253156
-1.4444517
-1.2382763
-1.3700062
-1.0788616
-1.2602057
-1.2114786
-1.2881397
-1.2220123
0.93113023
-1.1176213
-1.110085
-1.1585477
-1.4661645
-1.3930822
-1.2769929
-1.2311384
1.0341172
-1.2213149
-1.0694052
-1.1897065
-1.3913818
-1.0210655
-1.2171662
-1.5869195
-1.2723811
-1.5493965
-1.4037737
-1.2882528
-1.1243656
-1.2844363
-1.0694052
-1.2407213
-1.1598784
-1.437326
-1.7327603
-1.2275519
-1.2710745
-1.207318
-1.3182643
-1.1310264
-1.0902558
-1.0749218
-1.5143834
-1.4914221
-0.26296037
-2.5889837
-1.0495598
-0.74417282
-1.5616242
-1.7461138
-1.1219197
-1.1436202
-1.6681539
-1.6624736
-1.5082394
-1.2760882
-1.8232317
-1.5207409
-1.8119257
-1.0335688
-1.2040724
-1.2660384
-0.26458111
-1.0746741
-1.3410771
-1.0521794
-0.99460923
-1.522043
-1.319976
-1.3628581
-1.6288988
-1.2021027
-1.2075235
-1.6065266
-1.6049674
-1.5309693
-1.1731374
-1.3555017
-1.301044
-1.0711131
-1.5220797
-1.4027977
-1.1643602
-1.0975381
-1.6946167
-1.221908
-1.7372746
-1.1474616
-1.3266773
-1.331068
-1.6648836
-1.1659873
-1.3251003
-1.4197272
-0.94215826
-1.2142709
-1.1206046
-1.1952464
-1.1755997
-1.4294154
-1.3704591
-0.2393962
-0.99935916
-1.5534451
-1.596358
-1.5034143
-1.9081764
-1.2993296
-1.4875537
-1.4635398
-1.2312226
-1.3183728
-1.0984938
-1.4908172
-2.1151008
-1.6483526
-0.95388807
-1.6940275
-1.202533
-0.88965391
-1.1308418
-1.5280854
-1.471631
-1.3564163
-1.3224237
-1.2425291
-1.0816057
-1.1474616
-1.2195859
-1.0850023
-1.3628581
-1.7083265
-1.1699085
-1.1870132
-1.7449565
-1.4548663
-1.2443418
-1.2950825
-1.3992934
-1.34271
-1.1772835
-1.1645078
-1.5390268
-1.1423781
-1.8292411
-1.2973091
-1.623463
-1.8678122
-1.7372746
-2.1483949
-1.0403539
-1.1813457
-1.1543869
-1.1361396
-1.6915734
-1.0897928
-1.1920567
-1.4305575
-1.3178189
-1.3101955
-1.0047813
-1.197334
-1.2958326
-1.1560193
-1.2038219
-1.304719
-1.2225318
-1.4698754
-1.6594676
-1.0240188
-1.5665187
-1.1928977
-1.5884796
-1.5453896
-1.4123682
-1.0972693
-1.3008947
-0.99581969
-1.6231859
-1.1077021
-1.2218805
-1.1888284
-1.8086587
-1.1417174
-1.4867208
-0.98333979
-1.3433508
-1.2902537
-1.638097
-1.8725625
-1.2783052
-1.0392342
-1.1007478
-1.2555795
-1.426436
-1.3060757
-1.2604059
-1.2535784
-1.3038344
-1.2823955
-1.0162853
-1.2521049
-1.1338393
-1.2073139
-1.2315184
-1.0335386
-1.1532987
-1.2255644
-1.0694052
-1.1073088
-1.1640186
-1.3200003
-1.3423067
-1.2812118
-1.3829228
-1.3303165
-1.2486857
-1.5095192
-1.3277011
-1.3797622
-1.1615028
-0.90871235
-1.3052043
-1.5289623
-1.6680631
-1.2065422
-1.2673332
-1.3318336
-1.0740432
-1.0712277
-1.2044535
-1.1840395
-1.792945
-1.2886396
-1.2182005
-1.3051681
-1.3663888
-1.3184512
-1.2994795
-1.3052654
-1.2644314
-1.2269459
-1.315868
-1.3384706
-1.8530605
-1.4997024
-1.5207409
-1.2639454
-0.62066199
-1.3362616
-1.1548622
-1.3066243
-1.53344
-1.2986254
-1.8404395
-1.4915188
-1.3242884
-1.169599
-0.95295134
-1.3946065
-1.1629107
-1.2523274
-1.1268446
-1.1141291
-1.427079
-1.0084615
-1.0906835
-1.1418448
-1.1616723
-1.0793637
-1.1318823
-1.0651517
-1.2541449
-1.5029228
-1.0534265
-1.569962
-1.636336
-1.1037007
-1.1550949
-1.3783124
-1.3463294
-1.2836777
-1.3391234
-1.0695057
-1.0123889
-1.5983614
-1.1488219
-1.2922706
-1.353684
-1.1628604
-1.0972693
-1.2999614
-1.2737438
-1.3115463
-1.2815537
-1.1407164
-1.1664677
-1.5239286
-1.1020677
-1.1489272
-1.510132
-1.1797435
-1.0325846
-1.5154932
-1.431221
-1.2894257
-1.2580703
-0.96172012
-1.0971724
-1.1235655
-1.8310113
-1.0825272
-1.4187762
-1.1620287
-1.3008414
-1.3119146
-1.2469977
-1.3039037
-1.2909733
-1.222343
-1.2068943
-1.3821054
-1.6093561
-1.1374388
-1.3634299
-1.2583509
-1.7347733
-1.1499394
-1.1506538
-1.1412803
-1.1614158
-1.1412803
-1.1525905
-1.5438866
-1.675923
-1.2226134
-1.5435532
-1.18918
-1.2370425
-1.2285123
-1.512302
-1.2544778
-1.9286624
-1.2491834
-1.2965172
-1.1428023
-1.4205146
-1.2899275
-1.4108201
-1.121422
-1.2610145
-1.4161395
-1.4362367
-1.2034396
-1.5321994
-1.7056841
-1.5206297
-1.8310113
-1.3432289
-1.4688327
-1.2760346
-1.665118
-1.4471598
-1.1425585
-1.1268446
-1.1440428
-1.2338537
-1.3370802
1.008123
-1.449547
-1.0917098
-1.3847003
-1.4015411
-1.175522
-1.139338
-0.9008495
-1.3506845
-1.3551333
-1.2819126
-1.0571275
-1.1816969
-1.173284
-1.1727218
-1.1718041
-1.2970536
-1.3524266
-2.1325109
-1.3592078
-1.408723
-1.0279295
-1.353166
-1.6190478
-1.3794172
-1.1798207
-1.1441523
-1.3027511
-1.3212953
-1.8992873
-1.5344173
-1.2902661
-1.4484921
-1.3401429
-1.0047817
-1.106478
-1.7568167
-1.3290476
-1.1739997
-1.7645813
-1.1054405
-1.5262669
-1.3024528
-1.1294576
-1.8705466
-1.2343416
-1.1302202
-1.5845822
-1.4566487
-1.1894338
-1.5728683
-1.6057685
-1.3597611
-1.3119077
0.39671292
-1.192826
-1.0694052
-0.94142409
-1.4002348
-0.75732533
-1.1753919
-1.396106
-1.665804
-1.3168917
-1.1903084
-1.1961
-1.4966609
-1.3231506
-1.4072045
-1.3443453
-1.8574369
-1.5193425
-1.5602967
-1.178377
-1.1164045
-1.3422936
-1.2651648
-1.4471976
-1.3609962
-1.1906455
-1.3037923
-1.3579909
-1.1494737
-1.0031613
-1.1433423
-1.2569462
-1.2707417
-1.1882846
-1.2474392
-1.2007706
-1.3804753
-1.2398958
-1.1886545
-1.8873359
-1.3173475
-1.3690117
-1.4126026
-1.2085528
-1.2357207
-1.4238535
-1.2000144
-1.5634607
-1.2833062
-1.2126453
-1.2562474
-1.1434252
-1.3912206
-1.2490341
-1.2054168
-1.2804573
-1.6319838
-1.2147416
-1.1351121
-1.2418936
-1.5059972
-1.2843306
-1.2789747
-1.9552405
-1.5218739
-1.3386301
-1.0920362
-2.055144
-1.2837084
-1.0706849
-1.3862828
-1.3003976
-1.5691246
-1.0821631
-1.3622346
-1.2307301
-1.1660136
-1.5600081
-1.5061174
-1.0630518
-0.11724406
-0.91160724
-0.98042041
-1.0863974
-1.2656328
-1.5162152
-1.6584554
-1.3951042
-0.95433297
-0.94703821
0.67172449
-1.567207
-1.1056129
-1.5196186
-1.4858491
-1.1311382
-1.2702385
-1.9330452
-1.4290145
-1.2550669
-1.219869
-1.6650142
-1.3214241
-1.4318871
-1.3581193
-1.7812382
-1.9051153
-1.7574414
-0.94703821
-1.3149545
-1.1671704
-1.334777
-1.173928
-1.3301665
-1.2686429
-1.1708538
-1.0746364
-1.0966081
-1.1374545
-1.2043202
-1.3812307
-1.2979382
-1.1524452
-1.0370024
-1.0816301
-1.2070876
-1.1867093
-1.2933995
-1.1916235
-1.1063266
-1.2163079
-1.1456047
-1.2714311
-1.2520179
-1.0604602
-1.2703661
-1.1674902
-1.1921968
-1.69188
-1.0872908
-1.0874434
-1.1089392
-1.0731551
-1.1643119
-1.1007695
-1.6254027
-1.1230745
-1.3558
-1.2425244
-1.2279424
-0.78726748
-1.5497174
-1.2690548
-1.3200723
-1.3768276
-1.4585592
-1.1635952
-2.4436034
-1.2970055
-1.3846069
-1.5123857
-1.3861092
-1.5037472
-1.4190012
-1.1735178
-1.5475266
-1.1312323
-1.428318
-1.3109858
-1.3413024
-1.1072156
-1.3505821
-1.2355316
-1.1553712
-1.3437999
-1.4656777
-1.0648816
-2.0411023
-1.3666073
-1.2628251
-1.2148577
-1.1574369
-1.2201349
-1.3155189
-1.5698245
-1.2762272
-1.2745353
-1.4347948
-1.3536447
-1.1966071
-1.2381235
-1.3497924
-1.2791942
-0.42852753
-1.270093
-1.2193191
-1.2998056
-1.1646159
-1.0505885
-1.3196094
-1.2425495
-1.4868621
-1.2221452
-1.7538496
-1.194362
-1.4570486
-1.1233386
-1.4125131
-1.4725481
-1.0779796
-1.1058742
-1.2442098
-1.5836616
-1.9496568
-1.5738372
-1.4964355
-1.4148722
-1.2416925
-1.2003536
-1.3246211
-1.1980938
-1.3774107
-1.4245631
-1.1678077
-1.103406
-1.5784889
-1.4005111
-1.1442636
-1.8838756
-1.0510858
-1.62177
-1.2474374
-1.6439641
-1.2749092
-1.3730357
-1.2777967
-1.1535523
-1.4412025
-1.1628727
-1.3384976
-2.1828729
-1.2058599
-1.3460701
-1.1281819
-1.1266161
-1.3410657
-1.0769733
-1.0830352
-1.0865748
-1.4170291
-1.2643953
-1.123161
-1.3963603
-1.5421738
-1.0873169
-1.4536149
0.43649974
-1.417399
-1.4406029
-0.33226444
-1.1128691
-1.1305369
-0.66226745
-1.3347241
-1.197416
-1.1564087
-1.2859304
-1.4941758
-1.1193155
-1.6801685
-1.1366079
-1.1572177
-1.2235851
-1.1886466
-1.2739088
-0.93946371
-1.0723322
-1.1057617
-1.2047231
-1.4163543
-1.5101548
-1.3746623
-1.1571325
-1.3225866
-1.4990816
-1.5739792
-1.4997014
-1.3722853
-1.3525403
-1.4660088
-1.3213719
-1.0694052
-1.0195544
-1.5109613
-1.716167
-1.2007603
-1.0152919
-1.3472384
-1.2667882
-1.3024008
-1.6403786
-1.1638589
-1.2251482
-1.535745
-1.4611147
-1.6807887
-1.4191813
-1.1593262
-1.1721264
-1.4217535
-1.2817597
-1.4566964
-1.5464941
-1.2662228
-1.4169388
-1.2137607
-1.6502361
-1.0747688
-1.2592437
-1.3200903
-1.2067374
-1.1567375
-0.84591671
-1.0485063
-1.2783106
-1.1264123
-0.8147075
-1.224992
-1.537245
-1.3029354
-0.93503685
-1.170536
-1.2439285
-1.0610014
-1.2093357
-1.3162134
-1.235819
-1.4520643
-1.4545544
-1.0779587
-1.7923719
-1.4067294
-1.0779587
-1.1912367
-0.94446621
-1.3166777
-1.2439113
-1.0545018
-1.5582364
-1.3125345
-1.2994047
0.036849107
-1.5128197
-1.1968044
-1.1140653
-1.1985576
-1.1316664
-1.2174384
-1.0339532
-1.3050033
-1.355849
-1.113938
-1.2878827
-1.3345348
-1.1390828
-1.2126017
-1.0805592
-0.50886934
-1.0796456
-1.1544209
-1.0817603
-1.9527709
-1.0691073
-1.1020442
-1.1526512
-0.63207864
-1.3415347
-0.80364076
-0.89771258
-1.782376
-1.1880894
-1.493723
-1.4897976
-1.3241158
-1.2946466
-1.3877958
-1.2526356
-1.4882466
-1.2033601
-1.1547745
-1.2457875
-1.4083706
-1.0704357
-1.4256166
-1.3509403
-1.1933617
-1.2328695
-1.263231
-1.3021143
-1.0896072
-1.1867709
-1.6402186
-1.5249664
-1.5351454
-1.304405
-1.2308339
-1.4824059
-1.2074383
-1.1559377
-1.124159
-1.1432329
-1.5533583
-1.6207838
-1.1186156
-1.3513662
-1.495898
-1.2504624
-1.3709142
-1.2785403
-1.4080619
-1.4488597
-1.3263409
-1.3517097
-1.0205808
-1.4628746
-1.8018876
-1.5214352
-1.5548165
-1.5701204
-1.3708845
-1.6699724
-1.2643203
-1.4219529
-1.0243062
-1.1046038
-1.8058917
-1.6074077
-1.1845075
-0.87211896
-1.4458217
-1.7391804
-1.8782022
-1.2667348
-1.2795318
-1.1937427
-1.116178
-1.5014423
-1.2756988
-1.2869382
-1.2195682
-1.7315691
-1.5699494
-1.5148582
-0.5954393
-1.1946048
-1.152814
-1.2146133
-1.6528822
-1.618884
-1.3797604
-1.2415478
-2.3068011
-1.151066
-0.57517736
-1.3857299
-1.2148831
-1.516306
-1.589748
-0.99843
-1.4463752
-1.2194929
-1.2629601
-1.9333481
-1.3932197
-1.5677652
-1.505023
-1.2482627
-1.6411688
-1.092701
-1.2625174
-1.3491016
-1.1405034
-1.4617151
-1.194534
-2.2346417
-1.4419443
-1.3558853
-1.4293168
-1.2163327
-1.3493247
-2.3203709
-1.2399698
-1.8668384
-1.3541023
-1.4120255
-1.2016836
-1.1292807
-1.1970175
-1.3245558
-0.97650957
-1.3269357
-1.340635
-0.57807862
-1.0734256
-1.6489917
-1.2852049
-1.3139441
-0.64692942
-1.4596488
-1.28344
-1.3274381
-1.5159481
-1.2536409
-1.4931735
-1.0730379
-1.3502619
-1.1882666
-1.4569376
-1.1081912
-1.2133445
-1.1038832
-1.2989795
-1.7471347
-1.4836239
-1.3064357
-1.6045602
-1.9750434
-1.3484926
-2.1290492
-1.3329591
-1.3137881
-1.2012064
-1.5076503
-1.0628151
-1.3656948
-1.5718607
-1.362755
-1.1914749
-1.0934746
-1.4922136
-1.5595956
-1.3607825
-1.5205046
-1.7338727
-1.2600572
-1.0801982
-1.5352339
-1.5127715
-1.2812632
-1.3991576
-1.2959699
-1.425514
-1.2306424
-1.2157911
-1.1092422
-1.5188403
-1.275785
-1.1224949
-1.3561329
-1.4264745
-1.6327602
-1.5045275
-1.5107653
-0.99518818
-1.4951623
-1.4773448
-1.670071
-1.3506593
-1.11276
-1.1739755
-1.4911508
-1.1080592
-1.7040486
-1.6123133
-1.2470345
-1.1222837
-1.298805
-1.2969994
-1.3205488
-1.3689765
-1.2066376
-1.448922
-1.2683406
-1.6259687
-1.2762393
-1.2938025
-1.1298226
-1.0334356
-1.183567
-1.6381673
-1.0943482
-1.1438288
-1.3611739
-1.6647769
-1.0259299
-1.1252753
-1.1433306
-1.6220302
-0.79745731
-1.4114949
-1.2787763
-1.2440608
-1.0484278
-1.3070856
-1.1674995
-1.3305631
-1.1566213
-1.2991088
-1.4472741
-2.249274
-1.3639603
-1.0393495
-1.3166486
-1.3276291
-1.0555472
-0.71527801
-1.3926605
-1.3058975
-1.331081
-1.5031201
-1.7069645
-1.6528014
-1.4259058
-0.64033721
-1.3651333
-1.5030596
-1.3837988
-0.52549364
-1.2978376
-1.3639238
-1.1076911
-1.601476
-1.7781648
-1.215274
-1.3818865
-1.3820464
-1.0705537
-1.2249956
-1.3457568
-1.3413803
-1.560425
-1.3684702
-1.1386766
-1.5381762
-1.257553
-1.2990228
-1.1196857
-1.2081476
-1.379133
-1.2527513
0.2083678
-1.2044558
-1.2731148
-1.3166941
-1.4063294
-1.3811492
-1.4019351
-1.2659524
-1.5796547
-1.0521011
-1.2328456
-1.2663872
-1.3766873
-1.0477751
-1.4509885
-1.369485
-1.0428419
-1.010171
-1.4212409
-1.0623553
-1.3611515
-1.2694248
-1.241245
-1.207483
-1.1719748
-1.2170924
-1.1623381
-1.1563688
-1.2370877
-1.6947832
-0.93370756
-1.3684702
-0.89007247
-1.5750766
-1.2213394
-1.5853628
-1.4063294
-1.3475211
-1.3299458
-1.4540341
-1.1049722
-1.4533579
-1.3920345
-1.1812099
-1.6802579
-1.7552784
-1.3244405
-1.3400016
-1.3641963
-1.4014332
-1.5039443
-1.1772135
-1.5393741
-1.2290156
-1.4632656
-1.4219754
-1.2571685
-1.1684005
-1.2418516
0.26787051
-1.3297963
-1.2904445
-1.3673023
-1.7628212
-1.1414836
-1.4818371
-1.1684005
-1.1594887
-1.113436
-1.1906658
-1.3184868
-1.6013669
-1.2157427
-1.0671269
-1.5004915
-1.4930101
-1.2685131
-0.99929845
-1.5571656
-1.4318052
-1.1725817
-1.0457967
-1.1535968
-1.5552363
-1.1602987
-1.1179199
-1.1341078
-1.2703715
-1.5470838
-1.4554735
-1.3038421
-1.1581283
-1.5008092
-1.1849258
-1.6807092
-1.1370667
-1.2252738
-1.1466976
-1.1271502
-1.1496566
-1.1496566
-1.351729
-1.3197253
-1.2995885
-1.3985954
-1.0730733
-1.5306833
-1.5448493
-1.1771629
-1.1552485
-1.6768054
-1.6238115
-1.2636114
-1.3000032
-1.0959612
-0.86217968
-1.6993175
-1.1466976
-1.4551955
-1.4508755
-1.1653811
-1.3751158
-1.4539623
-1.4610312
-1.4664898
-1.2329677
-1.4253131
-1.3178507
-1.3675378
-1.444466
-1.3460146
-2.1386656
-1.2397011
-1.0694052
-0.82963002
-1.2470897
-1.095073
-1.1233047
-1.5233627
-1.3223229
-1.7730322
-1.2340501
-1.6370849
-1.2969623
-1.1314303
-1.1117093
-1.3995188
-1.1883395
-1.1489459
-0.51337052
-1.1607509
-1.4745668
-1.5033302
-1.3913402
-1.7267561
-1.599125
-1.1927719
-1.0559117
-1.4153441
-1.2483743
-1.2898706
-1.5025949
-1.4465199
-1.7254433
-1.2691844
-1.5705357
-1.1552168
-1.1077105
-1.1297427
-1.2282947
-1.5332325
-1.2927881
-1.6228017
-1.5855258
-1.3893214
-1.3701297
-1.5660549
-1.2440873
-0.88089244
-1.1651817
-1.2774815
-1.4229906
-0.038068351
-1.3032548
-1.4967327
-1.3955728
-1.5374815
-1.0268513
-1.4309108
-1.1631465
-1.5139374
-1.2528939
-0.94442959
-1.2937025
-1.6951033
-1.1443662
-1.0777144
-1.2775964
-1.0364352
-1.0537225
-1.2766345
-1.4336678
-1.0943556
-1.1379787
1.1163371
-1.5583643
-1.0891112
-1.613828
-1.3399163
0.12862048
-1.5090885
-1.6174983
-1.3464654
-1.6270095
-1.1909075
-1.366052
-1.9568536
-1.7616076
-1.2148367
-1.3993991
-1.2923761
-1.3595797
-1.2205683
-1.5071828
-1.160668
-1.3240957
-1.2906898
-1.1421276
-1.3498623
-1.1412011
-1.0862324
-1.45583
-1.1415587
-2.0437002
-1.2216849
-1.2328659
-1.678925
-1.5501005
-1.1772898
-1.5651683
-1.2686998
-1.1812192
-1.1214961
-1.5824853
-1.3770674
-1.11819
-1.2688946
-0.84177188
-1.2926541
-1.313387
-1.6496125
-1.1307202
-0.95763423
-1.1997716
-1.2802935
-1.2878824
-1.2395703
-1.0485665
-1.2141843
-1.5979922
-1.4147992
-1.408083
-1.3522481
-1.49347
-1.4164989
-1.0715867
-1.0711647
-1.4312785
-1.1245986
-1.2070554
-1.232063
-1.4328314
-1.4273279
-1.8494414
-1.1315437
-1.2673479
-1.2880396
-1.4908397
-1.0681129
-1.4809768
-1.4873804
-1.379335
-1.6138543
0.063683114
-1.4240059
-0.40646304
-1.2140455
-1.2140455
-1.2753162
-1.4221666
-1.3761918
-1.5583346
-1.0671269
-1.8812505
-1.7497374
-1.3355957
-1.4176828
-1.1535779
-1.0687514
-1.4676125
-0.8471375
-1.123428
-1.1085578
-1.1608227
-1.5625719
-1.0788112
-1.5929363
-1.575071
-1.3932587
-1.0359558
-1.2020876
-1.4554168
-1.0233255
-1.155614
-1.4526491
-1.3154372
-1.0465875
-1.3283427
-1.216377
-1.5193358
-0.92495253
-1.5459733
-0.35653103
-0.82692414
-1.6775947
-1.0952335
-1.0992307
-1.2951037
-1.103437
-1.2907844
-1.2045035
-1.3535161
-1.6497088
-1.5700438
-1.494209
-1.4757063
-1.3709775
-1.2755916
-1.1789568
-1.1377311
-1.4577174
-1.5868541
-1.4833545
-0.7122061
-1.4377152
-1.1355963
-1.3108165
-1.4839853
-1.0298761
-1.5965369
-1.2233896
-1.3923605
-1.1757427
-1.0287192
-1.1597895
-1.1398233
-1.1316664
-1.299309
-1.1830144
-1.2508549
-1.242122
-1.3430478
-1.2779065
-1.1613141
-1.5638067
-1.6324974
-1.1847285
-1.2598099
-1.5199313
-1.5732326
-1.3136273
-1.19295
-1.2693177
-1.4236214
-1.3649283
-1.54363
-1.0893295
-1.4104157
-1.3150941
-1.0792944
-1.0167362
-1.1689946
-1.1814732
-1.2943632
-1.1057374
-1.3171069
-1.2529688
-1.6744604
-1.2532472
-1.2261913
-1.0980362
-1.0824516
-1.3442689
-1.1167051
-1.1901237
-2.0502442
-1.5708478
-1.2841002
-1.2593186
-1.1602057
-1.5133134
-1.304262
-1.4113032
-1.2651068
-1.4113882
-1.302431
-1.5441751
-1.1843972
-1.2563188
-1.0974243
-1.1019094
-1.0748998
-1.140146
-1.2402463
-1.5713746
-1.3347356
-1.2269557
-1.2093445
-1.1932001
-1.3479505
-1.2557862
-2.0377617
-0.71911986
-1.2012958
-1.4072688
-1.1136691
-1.2504725
-1.230614
-1.2698665
-1.5898841
-1.8530709
-1.4304693
-1.580521
-1.1329947
-1.2361316
-1.6579027
-1.2037314
-0.95137666
-1.5366491
-1.6597588
-1.331925
-1.1684673
-1.2076732
-1.6921616
-1.1400845
-1.2019909
-1.5152637
-1.317795
-1.1026745
-1.5409291
-1.3238927
-1.4492444
-1.1806117
-0.94824885
-1.1327953
-1.1713383
-1.086774
-1.2557181
-1.518933
-1.7137247
-1.4778989
-1.033528
-1.016218
-1.2601673
-1.2242224
-1.186787
-1.1784907
-0.54672683
-1.3737156
-1.2485101
-1.2031119
-1.2219201
-1.0317676
-1.3237715
-1.5068645
-1.2070286
-1.5508097
-1.1720963
-1.3212467
-1.2506275
-1.2400286
-1.2846477
-1.3352686
-1.5869753
-1.3121547
-1.6587782
-1.3683308
-1.2883865
-1.1514997
-0.86590738
-1.4676517
-1.2828944
-1.4243373
-1.1552841
-1.0440269
-1.3925191
-1.290481
-1.0889394
-1.5304874
-1.2870305
-1.512794
-1.2410499
-1.5640314
-1.1085578
-1.3875289
-1.2404931
-1.1497878
-1.3260535
-1.348736
-1.4488487
-1.216574
-1.1724259
-1.1148153
-1.1430216
-1.2702085
-1.1907167
-1.4164504
-1.3737916
-1.3042437
0.64135377
-1.1200344
-1.1021455
-1.2791076
-1.2031078
-1.2290025
-1.3215915
-1.066577
-1.3089557
-1.2493897
-1.3955039
-1.2310447
-1.1205794
-1.1087685
-1.1637318
-1.5517186
-1.1301814
-1.2334477
-1.4806481
-1.3163451
-1.7143387
-1.3038789
-1.3093144
-1.3460099
-1.372173
-1.1795993
-1.2648589
-0.7435683
-1.3021968
-1.1748188
-1.3052593
-1.1614515
-1.2600821
-1.3577083
-1.4285368
-1.1605544
-1.4228526
-1.4077389
-1.368066
-1.2814772
-1.1805749
-1.2395426
-1.2814772
-1.4622091
-1.2418168
-1.3289798
0.036849107
-1.2249915
-1.2105484
-1.3843386
-1.3000516
-1.3379453
-1.340189
-1.4121634
-1.4115754
-1.090596
-1.0862726
-1.3634405
-1.2898899
-1.5757745
-1.2243811
-1.126912
-1.3361461
-1.2011178
-1.3212869
-1.4445237
-1.4084879
-1.1603362
-1.2025113
-1.4792461
-2.0256033
-1.2595093
-1.0911737
-1.2442855
-1.8488729
-1.232446
-1.2598102
-1.1552505
-1.3317561
-1.2621502
-1.558847
-1.1105153
-1.34346
-1.3054071
-1.180154
-1.4409521
-1.2208517
-1.1943178
-1.2582948
-1.1601579
-1.2130407
-1.7902862
-1.3437283
-1.1223509
-1.1395132
-1.317249
-1.3020434
-1.8066798
-1.6206262
-1.4626676
-1.2823045
-1.2556108
-1.1460241
-1.5593367
-1.617938
-0.80400023
-1.1511814
-1.2900595
-1.8109227
-1.2351911
-1.3118605
-1.3699603
-1.291755
-0.93339493
-1.4463898
-1.4232727
-1.1558269
-1.2932451
-1.4821359
-1.1133306
-1.144502
-1.1176568
-1.5538721
-1.9098114
-1.2585941
-1.508815
-1.0840112
-1.2549064
-1.3939697
-1.1151268
-0.0062361225
-1.1217654
-1.4126711
-1.3348186
-1.4197747
-1.3000402
-1.1620961
-1.2056664
-1.4882943
-1.2417035
-1.4963967
-1.6141604
-1.3866381
-1.8812486
-1.8693103
-1.308282
-1.0765175
-1.1609888
-1.1386938
-1.1746221
-1.1465143
-1.4125524
-1.6433903
-1.3526979
-1.1545391
-0.97776506
-1.0466454
-1.3999162
-1.2498052
-1.615979
-1.1661608
-1.4228797
-1.608014
-1.1068915
-1.4394439
-1.1661608
-1.097568
-1.0330552
-1.0853216
-1.8392507
-1.339465
-1.1731203
-1.2200446
-1.3322802
-1.2077649
-1.4628176
-1.2634676
-1.2961276
-1.3868694
-1.3348902
-1.1342028
-1.1871694
-1.1168959
-1.3845457
-1.1168959
-1.4312514
-1.3129413
-1.130469
-1.3961978
-1.4637635
-1.3659652
-1.3916973
-1.3804426
-1.3025687
-1.2780383
-1.3800685
-1.380226
-1.283779
-1.3386859
-1.0700596
-1.2189354
-1.2116778
-1.3726729
-0.74691392
-1.3088127
-1.328834
-1.0694052
-1.2181733
-1.3798644
-1.38562
-1.2217918
-1.308267
-1.2818594
-1.4178781
-0.99570352
-1.1881687
-1.1972983
-0.94340426
-1.3005543
-1.1741238
-1.2961241
-1.3707918
-1.1007004
-1.3431391
-0.91340969
-1.0694052
-1.3165737
-1.1469883
-1.1254176
-1.3040936
-1.3762126
-1.2499652
-1.2233402
-1.8742583
-1.2734975
-2.0279205
-1.1645908
-1.1818173
-1.2067037
-1.2297954
-1.1354924
-1.3120114
-1.6953206
-1.2973751
-1.3507672
-1.0863463
-1.1114879
-1.1815049
-1.2614502
-1.4666316
-1.4624892
-1.1692196
-1.4513906
-1.4681496
-1.2835491
-1.2049837
-1.6435646
-1.0782949
-1.1930475
-1.2973751
-1.0830644
-1.2143522
-1.2195419
-1.1000495
-1.3373348
-1.5363821
-1.5762232
-1.3265098
-1.2716765
-1.2710067
-1.3386764
-1.0686358
-1.3009207
-1.2375628
-1.2420086
-1.4798718
-1.1061448
-1.3447524
-1.1148475
-1.2947498
-1.3994286
-1.094366
-1.1220902
-1.3958386
-1.5283264
-1.3167003
-1.0953542
0.80105207
-1.0286122
-1.2792703
-1.302953
-1.185847
-1.2754382
-1.3231939
-1.168466
-1.0769386
-1.1935419
-1.4053316
-1.4621122
-1.2743733
-1.2133942
-0.92610361
-1.2938081
-1.0086958
-1.4685851
-1.3282317
-1.5433357
-1.3157688
-1.3984537
-1.4703908
-1.2833108
-1.4798809
-1.2253462
-1.1673813
-1.3779184
-1.4836625
-1.247373
-1.0804292
-1.3129043
-1.2706933
-1.3500878
-1.4538245
-1.5559907
-1.2723261
-1.4072553
-1.2569429
-1.3267124
-1.4244388
-1.2419947
-1.2751211
-1.3541909
-0.91344419
-1.4049953
-1.3125076
-1.0785291
-1.2575118
-1.2308826
-1.3396414
-1.2864462
-1.4280772
-0.98287312
-0.88522296
-1.261456
-1.1058987
-1.5377339
-1.4618787
-1.423344
-0.92935195
-1.2682493
-1.118642
-1.1776152
-1.1447679
-1.1314202
-1.3749776
-1.1955955
-1.2968106
-1.1189556
-1.4326443
-1.2303858
-1.385047
-1.3990616
-1.2183489
-1.3136093
-1.1296787
-1.141256
-1.6770515
-1.1988229
-1.1186825
-0.92723707
-1.1005644
-1.5298414
-1.2584666
-1.4047164
-1.1924807
-1.0498608
-1.3055965
-1.4178211
-1.4361257
-1.4265103
-1.3544385
-1.3547916
-1.5810808
-1.2676511
-0.35973926
-1.243742
-1.4367469
-1.0998742
-1.1423288
-1.2245276
-1.1612911
-1.2836153
-1.0702699
-1.3820138
-1.1544249
-1.2514823
-1.1485636
-1.2345391
-1.3017163
-1.3581784
-1.1292193
-1.1832254
-1.3864305
-0.98277434
-0.99598244
-1.13711
-1.0344245
-1.4934056
-1.2759387
-1.2874028
-1.3724902
-1.3069375
0.11872997
-1.3105531
-1.2257056
-1.3631484
0.89346896
-1.4180168
-1.0786807
0.35676989
-1.1918239
-1.3175551
-1.3620884
-1.5721727
-1.2901958
-1.1484755
-1.1916897
-1.1478477
-1.0328954
-1.4166664
-0.97399028
-1.3928934
-1.1896433
-1.4992273
-1.3029317
-1.3542765
-1.1731964
-1.0604954
-1.4614691
-1.6057703
-1.1141694
-1.4128865
-1.6587446
-1.0969348
-1.3254296
-1.1487906
-1.3439336
-1.1795278
-1.4149223
-1.2482023
-1.4253711
-1.4280591
-1.0903285
-1.2373026
-1.2055475
-1.3960997
-1.4479868
0.64201707
-1.5567094
-1.3050034
-1.1684485
-1.2999042
-1.2215527
-1.2915111
-1.094396
-1.2066098
-1.2423182
-1.1497161
-1.3788498
-1.0828931
-1.0169644
-1.329898
-1.0026063
-1.1002439
0.80494521
-1.5343347
-1.1339602
-1.1801288
-1.1672772
-1.525448
-1.286187
-1.1646237
-1.6246161
-1.0766227
-1.3263379
-1.0761555
-1.2110553
-1.1370903
-1.3006795
-1.8543629
-1.3160907
-1.3658714
-1.1051729
-1.1690438
-1.3885572
-1.0572195
-1.3078607
-1.2724028
-1.149533
-1.3136325
-1.134391
-1.0364789
-1.1575161
-1.2588238
-1.2833932
-1.2704166
-1.2698912
-1.3345019
-1.1442581
-1.2367526
-1.8207721
-1.2497458
-1.3252228
-1.2308579
-1.4050456
-1.3628692
-1.2719159
-1.1211645
-1.2727838
-1.2955632
-1.2106917
-1.423132
-1.1045146
-1.0711945
-1.7837893
-1.4197693
-1.8577073
-1.1691372
-1.3250501
-1.3881512
-1.1403254
-1.0891541
-1.2769373
-1.1523188
-1.291148
-1.2816342
-0.8381249
-1.4113782
-1.3301492
-1.1463366
-1.3854035
-1.2889838
-1.0862664
-1.3899978
-1.2577262
-1.4266969
-1.534396
-1.2910078
-1.4960221
-1.3620703
-1.1432855
-1.3284123
-1.1464031
-1.3050355
-1.5424009
-1.2322584
-1.1363938
-1.5970495
-1.439932
-1.3072486
-1.163384
-1.4805182
-1.523367
-1.2184302
-1.5299154
-1.4048131
-1.2779571
-1.1310121
-1.4805182
-1.1055337
-1.2364349
-1.1806631
-1.2451957
-1.0893686
-1.4076839
-1.2706715
-1.0893686
-1.4059923
-1.3862042
-1.2956465
-1.4957645
-1.2507859
-1.2684943
-1.1636216
-1.3510392
-1.0694052
-1.3840382
-1.4341268
-1.2955849
-1.1102639
-1.2567581
-1.0545017
-1.4470318
-1.0601443
-1.2420603
-1.7641741
-1.0695451
-1.4668771
-1.3184691
-1.3007842
-1.4587295
-1.2654332
-1.2420171
-1.2739537
-1.1854408
-1.633705
-1.263014
-1.2717062
-1.325968
-1.2826101
-1.2228563
-1.0712067
-1.2360107
-1.2787299
-1.1316482
-1.3073049
-1.0379604
-1.311678
-1.437057
-1.2061
-1.301041
-1.2357591
-1.401371
-1.3795732
-1.2765438
-1.3858621
-1.3503921
-1.2513304
-1.3204673
-1.0694052
-1.0608874
-1.5401074
-1.0919001
-1.0183278
-1.4018053
-1.4195073
-1.3488109
-1.3513483
-1.1282745
-1.1604959
-1.1894134
-0.8061894
-1.0920305
-1.0694052
0.036849107
-1.3009749
-1.3243214
-1.4717373
-1.4437825
-1.3614881
-1.3135315
-1.3236258
-1.2892169
-1.3793307
-1.3320049
-1.3384286
-1.3814505
-1.6138959
-1.2486178
-0.95273505
-0.85902343
-1.1624682
-1.5597158
-1.2764938
-1.320254
-1.0916449
-1.1468036
-1.2294387
-1.1656106
-1.1393005
-1.19858
-1.1607834
-1.1953053
-1.6945834
-1.2270858
-1.4988054
-1.1858503
-1.2029265
-1.1125534
-0.11296591
-1.4769001
-1.0574264
-1.0760182
-1.3613733
-1.3214714
-1.0077123
-1.0788558
-1.1808597
-1.4145327
-1.3465851
-1.0390951
-1.2608211
-1.326398
-1.2278752
-1.0978114
-1.1776663
-1.1392259
-1.0947804
-1.3093762
-1.213649
-1.2797658
-1.0777465
-1.1263178
-1.1974832
-1.4185562
-1.265465
-1.1168488
-1.5297055
-1.1717283
-1.3701791
-1.0964313
-0.97229808
-1.1940717
-1.3226133
-1.3090376
-1.232368
-1.0694052
-1.1558454
-1.2435266
-1.310821
-1.2950032
-1.2196766
-1.0655158
-1.1489526
-1.1411779
-1.1455969
-1.2516747
-1.1098275
-1.0184232
-1.2647312
-1.2810553
-1.3118353
-1.2613518
-1.4207665
-1.0815117
-1.3141667
-0.24856127
-1.4145592
-0.96027879
-1.597533
-1.4468983
-1.1153
-1.2633007
-1.2845656
-1.2095108
-1.2012833
-1.1883459
-1.5806355
-1.5646187
-1.094366
-1.3235252
-1.2903808
-1.2711622
-1.6302074
-1.1626889
-1.1455969
-1.0663153
-1.3522324
-1.499474
-1.1360642
-1.2041881
-1.1334496
-1.396158
-1.1732102
-1.33415
-1.2464841
-1.1081761
-1.2331837
-1.4464831
-1.218191
-1.2038876
-1.2869066
-1.3184871
-1.0801049
-1.3018957
-1.3362541
-1.1905744
-1.4209152
-1.064281
-1.334094
-1.1486356
-1.2317875
-0.96071936
-1.2431941
-1.1110136
-1.4520848
-1.3196897
-1.3340718
-1.0035183
-1.2220299
-1.3403439
-1.2717632
-1.1913232
-1.3189328
-1.2092576
-1.1612793
-1.259041
-1.094366
-1.2890247
-1.2523648
-1.4960271
-1.2196791
-1.506181
-1.3058548
-1.2435255
-1.5208497
-1.151679
-1.2894477
-1.3298506
-1.2630603
-1.2060183
-1.2695785
-1.0611141
-1.35714
-1.3974053
-1.151495
-1.8528396
-1.1676793
-1.3259542
-1.4005065
-1.455609
-1.1373617
-1.4537473
-1.248201
-1.2196791
-1.5517049
-1.5318047
-1.4905772
-1.3545532
-1.1895836
-1.1271544
-1.5724675
-1.114945
-1.3467302
-1.4701496
-1.1647633
-1.2726675
-1.2169603
-1.231284
-1.1524199
-1.1638304
-1.1723949
-1.2190755
-1.0746546
-1.3785719
-1.2396962
-1.3167679
-1.4255485
-1.4329814
-1.4553277
-1.0961536
-1.2733974
-1.0764423
-1.4860566
-1.3453916
-1.3581261
-1.1533955
-1.5279676
-1.3882007
-0.99344132
-1.030353
-1.2834056
-1.3945788
-1.0560551
-1.3985579
-1.053985
-1.3940445
-1.7417044
-1.0950162
-1.5255752
-1.406148
-1.0829095
-1.1513343
-1.1814473
-1.1073243
-1.1684134
-1.1614838
-1.3866771
-1.2934687
-1.2354779
-1.3508983
-1.5743636
-0.51262421
-1.1504567
-1.7776254
-1.6142452
-0.80370067
-1.2882623
-1.5049597
-1.7544545
-1.2014172
-1.0361797
-1.3065614
-1.4577625
-1.5745006
-1.3184089
-1.0746732
-1.7492526
-1.1214989
-0.88056562
-1.5457284
-1.333169
-1.0627275
-1.3428116
-1.2111508
-1.1987285
-2.137443
-1.1798869
-1.4157349
-1.2532561
-1.2515967
-1.1425614
-1.3065614
-1.2108397
-1.5797723
-1.267981
-1.2735362
-0.85337438
-1.1698567
-0.92915235
-1.4460205
-2.4251857
-1.0787136
-1.0683835
-1.3107098
